401 0 WT02-B05-4 0
401 0 WT02-B11-54 0
401 0 WT02-B11-69 0
401 0 WT02-B12-150 0
401 0 WT02-B12-163 0
401 0 WT02-B12-169 0
401 0 WT02-B12-171 0
401 0 WT02-B12-172 1
401 0 WT02-B12-218 0
401 0 WT02-B12-219 1
401 0 WT02-B12-220 1
401 0 WT02-B12-221 1
401 0 WT02-B12-222 0
401 0 WT02-B12-223 0
401 0 WT02-B12-224 0
401 0 WT02-B12-225 0
401 0 WT02-B12-226 0
401 0 WT02-B13-1 0
401 0 WT02-B13-10 0
401 0 WT02-B13-128 1
401 0 WT02-B13-129 1
401 0 WT02-B13-130 0
401 0 WT02-B13-131 1
401 0 WT02-B13-132 1
401 0 WT02-B13-133 1
401 0 WT02-B13-134 1
401 0 WT02-B13-135 1
401 0 WT02-B13-136 1
401 0 WT02-B13-137 1
401 0 WT02-B13-15 0
401 0 WT02-B13-16 0
401 0 WT02-B13-2 1
401 0 WT02-B13-28 0
401 0 WT02-B13-3 1
401 0 WT02-B13-31 0
401 0 WT02-B13-33 0
401 0 WT02-B13-34 0
401 0 WT02-B13-35 0
401 0 WT02-B13-36 0
401 0 WT02-B13-4 0
401 0 WT02-B13-40 0
401 0 WT02-B13-41 0
401 0 WT02-B13-43 0
401 0 WT02-B13-45 0
401 0 WT02-B13-8 0
401 0 WT02-B14-1 1
401 0 WT02-B14-10 1
401 0 WT02-B14-11 1
401 0 WT02-B14-12 0
401 0 WT02-B14-13 0
401 0 WT02-B14-14 1
401 0 WT02-B14-15 1
401 0 WT02-B14-16 1
401 0 WT02-B14-17 1
401 0 WT02-B14-2 1
401 0 WT02-B14-3 1
401 0 WT02-B14-4 1
401 0 WT02-B14-5 0
401 0 WT02-B14-6 1
401 0 WT02-B14-7 1
401 0 WT02-B14-8 1
401 0 WT02-B14-9 1
401 0 WT02-B15-1 1
401 0 WT02-B15-2 1
401 0 WT02-B15-3 1
401 0 WT02-B15-4 1
401 0 WT02-B15-5 1
401 0 WT02-B15-6 1
401 0 WT02-B15-68 0
401 0 WT02-B15-7 1
401 0 WT02-B15-8 1
401 0 WT02-B16-326 0
401 0 WT02-B16-85 0
401 0 WT02-B18-27 0
401 0 WT02-B19-308 0
401 0 WT02-B20-143 0
401 0 WT02-B20-40 0
401 0 WT02-B20-42 0
401 0 WT02-B20-47 0
401 0 WT02-B20-54 0
401 0 WT02-B20-78 0
401 0 WT02-B20-79 0
401 0 WT02-B20-83 0
401 0 WT02-B23-177 0
401 0 WT02-B27-10 0
401 0 WT02-B27-133 0
401 0 WT02-B32-281 0
401 0 WT02-B33-20 0
401 0 WT02-B34-18 0
401 0 WT02-B35-5 0
401 0 WT02-B39-1 0
401 0 WT02-B40-17 0
401 0 WT02-B40-3 0
401 0 WT02-B40-4 0
402 0 WT02-B01-1 0
402 0 WT02-B01-128 0
402 0 WT02-B01-153 1
402 0 WT02-B01-156 1
402 0 WT02-B02-1 0
402 0 WT02-B02-13 0
402 0 WT02-B02-14 0
402 0 WT02-B03-124 0
402 0 WT02-B03-9 0
402 0 WT02-B08-79 0
402 0 WT02-B08-80 0
402 0 WT02-B08-81 0
402 0 WT02-B08-93 0
402 0 WT02-B09-41 0
402 0 WT02-B10-154 0
402 0 WT02-B10-158 1
402 0 WT02-B10-162 0
402 0 WT02-B10-169 1
402 0 WT02-B10-170 0
402 0 WT02-B10-172 0
402 0 WT02-B10-173 0
402 0 WT02-B10-174 0
402 0 WT02-B10-177 1
402 0 WT02-B10-181 1
402 0 WT02-B10-183 1
402 0 WT02-B10-187 1
402 0 WT02-B10-220 0
402 0 WT02-B10-261 0
402 0 WT02-B10-268 0
402 0 WT02-B10-277 1
402 0 WT02-B10-278 1
402 0 WT02-B10-280 0
402 0 WT02-B10-281 0
402 0 WT02-B18-39 0
402 0 WT02-B19-262 0
402 0 WT02-B20-28 0
402 0 WT02-B20-74 0
402 0 WT02-B20-75 0
402 0 WT02-B20-82 1
402 0 WT02-B20-86 0
402 0 WT02-B20-90 1
402 0 WT02-B20-91 1
402 0 WT02-B23-204 1
402 0 WT02-B24-75 0
402 0 WT02-B24-89 1
402 0 WT02-B24-95 1
402 0 WT02-B25-134 1
402 0 WT02-B25-26 0
402 0 WT02-B25-273 1
402 0 WT02-B25-289 1
402 0 WT02-B25-31 0
402 0 WT02-B25-35 0
402 0 WT02-B25-71 0
402 0 WT02-B26-21 0
402 0 WT02-B26-267 0
402 0 WT02-B26-27 1
402 0 WT02-B26-275 0
402 0 WT02-B26-28 1
402 0 WT02-B26-29 0
402 0 WT02-B26-3 0
402 0 WT02-B26-30 1
402 0 WT02-B26-31 1
402 0 WT02-B26-33 1
402 0 WT02-B26-35 1
402 0 WT02-B26-39 1
402 0 WT02-B26-40 1
402 0 WT02-B26-45 1
402 0 WT02-B26-47 0
402 0 WT02-B26-49 0
402 0 WT02-B26-50 0
402 0 WT02-B26-51 1
402 0 WT02-B26-52 1
402 0 WT02-B26-57 1
402 0 WT02-B26-61 1
402 0 WT02-B26-66 1
402 0 WT02-B26-69 0
402 0 WT02-B26-73 1
402 0 WT02-B26-75 1
402 0 WT02-B26-76 1
402 0 WT02-B26-80 1
402 0 WT02-B26-85 1
402 0 WT02-B26-90 0
402 0 WT02-B27-33 1
402 0 WT02-B27-35 0
402 0 WT02-B27-6 1
402 0 WT02-B27-8 0
402 0 WT02-B32-193 0
402 0 WT02-B32-98 0
402 0 WT02-B34-18 0
402 0 WT02-B34-2 0
402 0 WT02-B34-6 1
402 0 WT02-B34-7 0
402 0 WT02-B35-6 0
403 0 WT02-B03-102 0
403 0 WT02-B03-110 0
403 0 WT02-B12-212 0
403 0 WT02-B26-267 1
403 0 WT02-B26-275 1
403 0 WT02-B32-287 0
403 0 WT02-B32-80 0
403 0 WT02-B34-10 0
403 0 WT02-B34-2 0
403 0 WT02-B34-5 0
403 0 WT02-B34-6 0
403 0 WT02-B34-7 1
403 0 WT02-B34-8 1
403 0 WT02-B40-10 0
403 0 WT02-B40-11 0
403 0 WT02-B40-17 0
403 0 WT02-B40-8 0
403 0 WT02-B40-9 0
404 0 WT02-B01-127 0
404 0 WT02-B01-16 0
404 0 WT02-B05-96 0
404 0 WT02-B06-11 0
404 0 WT02-B06-9 0
404 0 WT02-B06-97 0
404 0 WT02-B08-112 0
404 0 WT02-B09-181 0
404 0 WT02-B09-194 0
404 0 WT02-B09-260 0
404 0 WT02-B09-55 0
404 0 WT02-B11-128 0
404 0 WT02-B11-260 0
404 0 WT02-B11-88 0
404 0 WT02-B12-18 0
404 0 WT02-B12-71 0
404 0 WT02-B12-79 0
404 0 WT02-B12-85 0
404 0 WT02-B13-137 0
404 0 WT02-B17-183 0
404 0 WT02-B18-25 0
404 0 WT02-B20-2 0
404 0 WT02-B20-34 0
404 0 WT02-B23-183 0
404 0 WT02-B23-202 0
404 0 WT02-B23-6 0
404 0 WT02-B24-182 0
404 0 WT02-B24-187 0
404 0 WT02-B24-8 0
404 0 WT02-B25-148 0
404 0 WT02-B25-46 0
404 0 WT02-B26-129 0
404 0 WT02-B26-236 0
404 0 WT02-B27-102 0
404 0 WT02-B27-20 0
404 0 WT02-B27-26 0
404 0 WT02-B27-61 0
404 0 WT02-B29-200 0
404 0 WT02-B31-104 0
404 0 WT02-B32-111 0
404 0 WT02-B32-173 0
404 0 WT02-B32-174 0
404 0 WT02-B32-232 0
404 0 WT02-B33-19 0
404 0 WT02-B34-15 0
404 0 WT02-B34-16 0
404 0 WT02-B34-17 0
404 0 WT02-B37-34 0
404 0 WT02-B38-11 0
404 0 WT02-B40-17 0
404 0 WT02-B40-3 0
404 0 WT02-B40-4 0
405 0 WT02-B03-30 0
405 0 WT02-B05-43 0
405 0 WT02-B06-69 0
405 0 WT02-B07-36 0
405 0 WT02-B09-21 0
405 0 WT02-B09-212 0
405 0 WT02-B10-82 0
405 0 WT02-B12-122 0
405 0 WT02-B12-222 0
405 0 WT02-B16-144 0
405 0 WT02-B16-8 0
405 0 WT02-B19-75 0
405 0 WT02-B23-72 0
405 0 WT02-B24-212 0
405 0 WT02-B24-217 0
405 0 WT02-B25-157 0
405 0 WT02-B27-151 0
405 0 WT02-B32-169 0
405 0 WT02-B32-247 0
405 0 WT02-B33-20 0
405 0 WT02-B35-1 0
405 0 WT02-B35-5 0
405 0 WT02-B38-16 0
406 0 WT02-B03-122 0
406 0 WT02-B03-123 0
406 0 WT02-B03-124 0
406 0 WT02-B03-91 0
406 0 WT02-B08-80 0
406 0 WT02-B08-81 0
406 0 WT02-B08-82 0
406 0 WT02-B09-312 0
406 0 WT02-B09-42 0
406 0 WT02-B09-49 0
406 0 WT02-B09-52 0
406 0 WT02-B10-1 0
406 0 WT02-B10-124 0
406 0 WT02-B10-164 0
406 0 WT02-B10-166 0
406 0 WT02-B10-18 0
406 0 WT02-B10-180 0
406 0 WT02-B10-21 0
406 0 WT02-B10-216 0
406 0 WT02-B10-227 0
406 0 WT02-B10-280 0
406 0 WT02-B11-224 0
406 0 WT02-B11-225 0
406 0 WT02-B18-12 0
406 0 WT02-B20-27 0
406 0 WT02-B20-82 0
406 0 WT02-B24-208 0
406 0 WT02-B24-89 0
406 0 WT02-B25-116 0
406 0 WT02-B25-117 0
406 0 WT02-B25-119 0
406 0 WT02-B25-121 0
406 0 WT02-B25-127 0
406 0 WT02-B25-134 0
406 0 WT02-B25-153 0
406 0 WT02-B25-216 0
406 0 WT02-B25-225 0
406 0 WT02-B25-242 0
406 0 WT02-B25-25 0
406 0 WT02-B25-26 0
406 0 WT02-B25-262 0
406 0 WT02-B25-265 0
406 0 WT02-B25-33 0
406 0 WT02-B25-43 0
406 0 WT02-B25-54 0
406 0 WT02-B25-90 0
406 0 WT02-B26-10 0
406 0 WT02-B26-20 0
406 0 WT02-B26-25 0
406 0 WT02-B26-28 0
406 0 WT02-B26-33 0
406 0 WT02-B26-36 0
406 0 WT02-B26-43 0
406 0 WT02-B26-49 0
406 0 WT02-B26-50 0
406 0 WT02-B26-51 0
406 0 WT02-B26-52 0
406 0 WT02-B26-59 0
406 0 WT02-B26-60 0
406 0 WT02-B26-65 0
406 0 WT02-B26-73 0
406 0 WT02-B26-76 0
406 0 WT02-B26-83 0
406 0 WT02-B27-124 0
406 0 WT02-B29-24 0
406 0 WT02-B30-203 0
406 0 WT02-B32-242 0
406 0 WT02-B34-6 0
406 0 WT02-B34-7 0
406 0 WT02-B35-8 0
406 0 WT02-B37-18 0
407 0 WT02-B05-44 0
407 0 WT02-B06-110 0
407 0 WT02-B07-72 0
407 0 WT02-B07-75 0
407 0 WT02-B11-178 0
407 0 WT02-B11-97 0
407 0 WT02-B12-7 0
407 0 WT02-B13-3 0
407 0 WT02-B13-8 0
407 0 WT02-B17-350 0
407 0 WT02-B18-101 0
407 0 WT02-B18-12 0
407 0 WT02-B18-16 0
407 0 WT02-B18-31 0
407 0 WT02-B18-92 0
407 0 WT02-B21-99 0
407 0 WT02-B26-256 0
407 0 WT02-B26-34 0
407 0 WT02-B28-145 0
407 0 WT02-B28-208 0
407 0 WT02-B28-9 0
407 0 WT02-B29-191 0
407 0 WT02-B29-20 0
407 0 WT02-B29-35 0
407 0 WT02-B29-36 0
407 0 WT02-B31-113 0
407 0 WT02-B36-1 0
407 0 WT02-B37-10 0
408 0 WT02-B01-123 0
408 0 WT02-B01-124 0
408 0 WT02-B08-312 0
408 0 WT02-B09-76 0
408 0 WT02-B09-82 0
408 0 WT02-B11-89 0
408 0 WT02-B12-127 0
408 0 WT02-B18-47 0
408 0 WT02-B18-75 0
408 0 WT02-B18-77 0
408 0 WT02-B18-79 0
408 0 WT02-B18-80 0
408 0 WT02-B18-82 0
408 0 WT02-B18-84 0
408 0 WT02-B18-97 0
408 0 WT02-B19-19 0
408 0 WT02-B21-35 0
408 0 WT02-B23-49 0
408 0 WT02-B24-151 0
408 0 WT02-B33-20 0
408 0 WT02-B33-7 0
408 0 WT02-B34-14 0
408 0 WT02-B34-18 0
408 0 WT02-B35-24 0
408 0 WT02-B36-11 0
408 0 WT02-B38-6 0
409 0 WT02-B05-40 0
409 0 WT02-B19-291 0
409 0 WT02-B21-29 0
409 0 WT02-B21-32 0
409 0 WT02-B23-100 0
409 0 WT02-B27-133 0
409 0 WT02-B27-204 0
409 0 WT02-B28-150 0
409 0 WT02-B28-23 0
409 0 WT02-B30-145 0
409 0 WT02-B31-119 0
409 0 WT02-B32-246 0
409 0 WT02-B32-284 0
409 0 WT02-B33-10 0
409 0 WT02-B33-16 0
409 0 WT02-B33-17 0
409 0 WT02-B33-18 0
409 0 WT02-B33-19 0
409 0 WT02-B33-20 0
409 0 WT02-B33-34 0
409 0 WT02-B33-6 0
409 0 WT02-B33-8 0
409 0 WT02-B40-2 0
409 0 WT02-B40-3 0
410 0 WT02-B01-118 0
410 0 WT02-B01-35 0
410 0 WT02-B01-4 0
410 0 WT02-B02-22 0
410 0 WT02-B03-16 0
410 0 WT02-B03-43 0
410 0 WT02-B04-26 0
410 0 WT02-B06-137 0
410 0 WT02-B06-70 0
410 0 WT02-B07-109 0
410 0 WT02-B09-37 0
410 0 WT02-B09-74 0
410 0 WT02-B10-103 0
410 0 WT02-B10-14 0
410 0 WT02-B10-281 0
410 0 WT02-B10-7 0
410 0 WT02-B10-8 0
410 0 WT02-B10-90 0
410 0 WT02-B11-35 0
410 0 WT02-B11-56 0
410 0 WT02-B12-170 1
410 0 WT02-B12-172 0
410 0 WT02-B12-178 0
410 0 WT02-B12-218 0
410 0 WT02-B12-220 0
410 0 WT02-B12-221 0
410 0 WT02-B12-222 0
410 0 WT02-B12-224 0
410 0 WT02-B13-1 0
410 0 WT02-B13-12 0
410 0 WT02-B13-128 0
410 0 WT02-B13-129 0
410 0 WT02-B13-130 0
410 0 WT02-B13-131 0
410 0 WT02-B13-132 0
410 0 WT02-B13-133 0
410 0 WT02-B13-134 0
410 0 WT02-B13-135 0
410 0 WT02-B13-136 0
410 0 WT02-B13-137 0
410 0 WT02-B13-18 0
410 0 WT02-B13-2 0
410 0 WT02-B13-22 0
410 0 WT02-B13-23 0
410 0 WT02-B13-24 0
410 0 WT02-B13-27 0
410 0 WT02-B13-28 0
410 0 WT02-B13-32 0
410 0 WT02-B13-33 0
410 0 WT02-B13-34 0
410 0 WT02-B13-43 0
410 0 WT02-B13-46 0
410 0 WT02-B13-7 0
410 0 WT02-B13-8 0
410 0 WT02-B14-1 0
410 0 WT02-B14-10 0
410 0 WT02-B14-11 1
410 0 WT02-B14-12 0
410 0 WT02-B14-13 0
410 0 WT02-B14-14 1
410 0 WT02-B14-15 1
410 0 WT02-B14-16 1
410 0 WT02-B14-17 0
410 0 WT02-B14-2 1
410 0 WT02-B14-3 0
410 0 WT02-B14-4 1
410 0 WT02-B14-5 1
410 0 WT02-B14-6 1
410 0 WT02-B14-7 1
410 0 WT02-B14-8 1
410 0 WT02-B14-9 1
410 0 WT02-B15-1 1
410 0 WT02-B15-2 0
410 0 WT02-B15-3 0
410 0 WT02-B15-4 0
410 0 WT02-B15-6 0
410 0 WT02-B15-7 1
410 0 WT02-B15-8 1
410 0 WT02-B17-5 0
410 0 WT02-B31-220 0
410 0 WT02-B32-131 0
410 0 WT02-B32-136 0
410 0 WT02-B32-139 0
410 0 WT02-B32-140 0
410 0 WT02-B32-142 0
410 0 WT02-B32-149 0
410 0 WT02-B33-17 0
410 0 WT02-B35-13 0
410 0 WT02-B35-14 0
410 0 WT02-B37-3 0
410 0 WT02-B39-1 0
410 0 WT02-B40-3 0
410 0 WT02-B40-6 0